1.087586179060867607e+03	6.256147411190848828e-01	3.469449244907744090e-01	5.573671318176565137e-01	6.589770130919658797e-01	5.704799509937025226e-01	7.169923156291704291e-01	5.325868203097727793e-01	6.241600137125911107e-01	3.034999738061902597e-01	5.141446864850434117e-01	5.309561355025056439e-01	3.071172633122802864e-01	4.507493920911823659e-01	3.206097603656088979e-01	4.846784846406069769e-01	2.603925574656900110e-01	7.454945973272611992e-01	5.649776225597443746e-01	7.029309855308203403e-01	3.810610584844444926e-01	5.173447483339417285e-01	6.677344185620484041e-01	5.977446999578848175e-01	5.677017106644505207e-01	7.162523683111348127e-01	4.616332894285803956e-01	1.033041920897271315e-01	5.169878320615329814e-01	8.390613518271856641e-01	7.128385626984563572e-01	1.294122630696240561e-01	6.337908207040885422e-01	8.071155414514805670e-01	1.214474882440966241e-01	4.977282066110788050e-01	3.992909261274141253e-01	6.929595240406948298e-01	3.628133401760424981e-01	3.363035502717736658e-01
6.256147411190848828e-01	1.089101770396962138e+03	4.817490438358173477e-01	8.899991916493252830e-01	4.938639589126884721e-01	6.265499331604409416e-01	5.076801188805365461e-01	3.571434225045592714e-01	4.831715618764195197e-01	3.282500984298672986e-01	5.445913473506859281e-01	3.468775148368749561e-01	3.938323965479563760e-01	7.958163766059924704e-01	8.946832244261915257e-01	2.184531609348275838e-01	3.763769296191609159e-01	2.559254229106923684e-01	2.139613284533199988e-01	7.369350180243483539e-01	2.232318004341442563e-01	8.195631739474620314e-01	3.587820863569534668e-01	7.391133571719415984e-01	7.152248108821654959e-01	7.185436614733438088e-01	3.470468339309903394e-01	2.072422979049866054e-01	1.744230825527806616e-01	4.017467601783280551e-01	2.360454089006464584e-01	2.741034930624012267e-01	5.683979609249782960e-01	2.077474703859676919e-01	7.234172928563025184e-01	8.999422924842155336e-01	4.958493667235734925e-01	9.342895614023487560e-01	3.648854953212549157e-01	4.520029446418580843e-01
3.469449244907744090e-01	4.817490438358173477e-01	1.094497728798357684e+03	3.506143265521317054e-01	6.285671355008890515e-01	6.927948947301637572e-01	5.880801642804205365e-01	2.500690082550333093e-01	3.104892133299082535e-01	4.526569232635249684e-01	5.010228669300000881e-01	8.495644503744606002e-01	2.685027038000443733e-01	6.434827953848859527e-01	8.213166859819800436e-01	4.410426966050312592e-01	1.534038954822983802e-01	3.970054593741179083e-01	9.096186000351940137e-01	4.465433838172692682e-01	4.170621877263619437e-02	5.179635638629137562e-01	5.649966285341594396e-01	3.731652830736689741e-01	1.946101345140271999e-01	5.813266423552281292e-01	6.375382546209883428e-01	9.092030735956309062e-01	3.543163184257177578e-01	7.052441906058311005e-01	8.891958541372046998e-01	4.861357111218130300e-01	5.249487709116130718e-01	4.494853339203973563e-01	4.142732710289504516e-01	9.142408459191214698e-02	4.628185520790650820e-01	5.691452843079698454e-01	7.556000730285665767e-01	5.432945929381309824e-01
5.573671318176565137e-01	8.899991916493252830e-01	3.506143265521317054e-01	1.095059289988878618e+03	3.992510139703579486e-01	6.987022742484781945e-01	6.444045462860263918e-01	6.425200094828166231e-01	1.128114797402690606e-02	5.735894034757849091e-01	5.705712873705990340e-01	6.993627327144149586e-01	4.803971495811188430e-01	2.717225939900130283e-01	2.645725912270405766e-01	5.317928881603282143e-01	6.431116109890884225e-01	5.829413439845744227e-01	1.611958493790480729e-01	4.970317985528766025e-01	3.312555304010432744e-01	3.462797078205580581e-01	4.769414882450687676e-01	2.841925110950123678e-01	3.933828446922970068e-01	5.649313007564931155e-01	8.461414909314217692e-01	5.117266478910915684e-01	3.942426303800012910e-01	9.047047727211677826e-01	2.268415063261826070e-01	5.900957455657072082e-01	4.265124713848388871e-01	5.516578427482012881e-01	3.087836539155390247e-01	7.116689012250596580e-01	7.370165265886593486e-01	4.297470241752369691e-01	5.773932007677993195e-01	4.364584034974935967e-01
6.589770130919658797e-01	4.938639589126884721e-01	6.285671355008890515e-01	3.992510139703579486e-01	1.099770712754369697e+03	7.632147704022925749e-01	5.680833413770171036e-01	6.731496219555366256e-01	7.502201905864593900e-01	6.746442948803468287e-01	4.690542694950627367e-01	1.505310292398785998e-01	4.033537228125465557e-01	2.600133544780517947e-01	9.764627952805366995e-01	4.864464501723814172e-01	5.203730517044564685e-01	4.079061760426564986e-01	7.572422937447944591e-01	4.061044656983424095e-01	4.606014514477279054e-01	4.268409221316684099e-01	3.731380655827241655e-01	5.613777318442186859e-01	5.063477409396952567e-01	7.621291089550856768e-01	7.277088564744340626e-01	1.939958273513153197e-01	1.863365207389506284e-01	3.594739373182399556e-01	5.972043049347378618e-01	9.249714465255218787e-01	3.392762636970413359e-01	5.252275250764641967e-01	5.065298379801886908e-01	1.337590224821939566e-01	1.984828740715730011e-01	6.776019880055040856e-01	4.080279057073425419e-01	3.321365949264661332e-01
5.704799509937025226e-01	6.265499331604409416e-01	6.927948947301637572e-01	6.987022742484781945e-01	7.632147704022925749e-01	1.102492257725383979e+03	5.449717758575666204e-01	5.165862149234201617e-01	3.997609325026195704e-01	3.347789187124720067e-01	7.132966190908465176e-01	3.441326726214470888e-01	1.448737581060495216e-01	4.774177321850763267e-01	5.083574791160951900e-01	2.199502600090614268e-01	4.053046224013574506e-01	7.027229074232803629e-01	5.070537052407706469e-01	5.222356454722580921e-01	1.062883514919626959e-01	3.984024422136922539e-01	4.641670516882864805e-01	3.807017805714125736e-01	4.895177191059228439e-01	4.969988402365771440e-01	4.585279656330941700e-01	6.103673972225391875e-01	5.429439998696611314e-01	5.245902115565193036e-01	3.579516529407225645e-01	5.333451929888384235e-01	5.485248366199382275e-01	8.099237744893742486e-01	4.841112687495164324e-01	9.162288930240183316e-01	3.517420695005267772e-01	6.941001178593568799e-01	3.798365544739367161e-01	1.976575893293003316e-01
7.169923156291704291e-01	5.076801188805365461e-01	5.880801642804205365e-01	6.444045462860263918e-01	5.680833413770171036e-01	5.449717758575666204e-01	1.105296538779249204e+03	2.676455435546675754e-01	2.299068160021334184e-01	8.167160255306705752e-01	5.071057780117758096e-01	8.477167434480641361e-01	2.727069291895950487e-01	6.727793706779441330e-01	7.933038009298470916e-02	6.574136772042534771e-01	7.885615204135534295e-01	1.706644449881379866e-01	6.422468965318430811e-01	6.616515575586635611e-01	6.685543840323431297e-01	5.694067775414775046e-01	9.250274176166590756e-01	6.191380416280949373e-01	8.867087674983915591e-01	6.684916415757495844e-01	7.008116048982557800e-01	6.276150088816019323e-01	6.581587418982688398e-01	4.463966255358833846e-01	1.654867231636045211e-01	8.686891742849002229e-01	4.958366498102484421e-01	3.254564408080109494e-01	2.395937465693378510e-01	5.826141003175072663e-01	6.825464962030824978e-01	5.934544019266286830e-01	5.322262629946101775e-01	6.093156683131178974e-01
5.325868203097727793e-01	3.571434225045592714e-01	2.500690082550333093e-01	6.425200094828166231e-01	6.731496219555366256e-01	5.165862149234201617e-01	2.676455435546675754e-01	1.108495732204866727e+03	3.473676954954484364e-01	5.696110741444375680e-01	3.921764462580856203e-01	4.776312485630720417e-01	3.827870939078809598e-01	6.876954837498637785e-01	5.796044617552558176e-01	3.302331646752987293e-01	4.871894268685050822e-02	8.201394497067427958e-01	2.364076262405121476e-01	5.076119868336168572e-01	8.848367620351041962e-01	3.763245106529470307e-01	5.469996924270332794e-01	6.571830909969815782e-01	4.934405773549865315e-01	5.447049653494209220e-01	4.697421442418441839e-01	7.043159703956511919e-01	2.726826288579077828e-01	7.448330984196960269e-01	3.287908951986794337e-01	4.298136340931634214e-01	1.032579060732182197e-01	5.021992390275201723e-01	6.980011551196305675e-01	8.505124967832091709e-01	3.308611448503557817e-01	4.972674443822945323e-01	4.693249508817271543e-01	4.369214068467847656e-01
6.241600137125911107e-01	4.831715618764195197e-01	3.104892133299082535e-01	1.128114797402690606e-02	7.502201905864593900e-01	3.997609325026195704e-01	2.299068160021334184e-01	3.473676954954484364e-01	6.408264971453710314e+04	7.576839514798903163e-01	6.026048689851875029e-01	5.935292228891174693e-01	5.783590769097141093e-01	7.035248821925113027e-01	5.080334568619804259e-01	8.567988320479698050e-01	3.667191252230816434e-01	7.284870188244265687e-01	3.184661575077906148e-01	5.365539655404187869e-01	3.131816393817090094e-01	9.227455192302713716e-02	4.735914573272044237e-01	3.829829904648964778e-01	6.886428675739412197e-01	3.287677579648907722e-01	5.194316645165891755e-01	5.601689387645689688e-01	5.760528553408401642e-01	4.764159498521358671e-01	9.639405562833293084e-01	4.364849463069341295e-01	7.090066482519772340e-01	6.922051900772131505e-01	7.210204094451768686e-01	5.642519245122377125e-01	2.549400765651685385e-01	3.981634436449216774e-01	1.595317520720035964e-01	6.335336800590256612e-01
3.034999738061902597e-01	3.282500984298672986e-01	4.526569232635249684e-01	5.735894034757849091e-01	6.746442948803468287e-01	3.347789187124720067e-01	8.167160255306705752e-01	5.696110741444375680e-01	7.576839514798903163e-01	6.409780764354316489e+04	4.893653526374220908e-01	3.481967351522234910e-01	6.095348713340295044e-01	3.361355039632615838e-01	9.132362837546772472e-01	7.123155760144046500e-01	3.576786088488080884e-01	2.471064077538184245e-01	5.612817810083927661e-01	2.104710644769403061e-02	3.191517147631451334e-01	5.105363120707455682e-01	8.651237081013867236e-01	5.147330770398290678e-01	6.372159753077129007e-01	6.324896830441596451e-01	3.272875072763840598e-01	2.098599204007038921e-01	5.066507845929870690e-01	3.771427876655724098e-01	6.293706292724141615e-01	9.027969388711417631e-01	4.510585091302015681e-01	5.869193806015313708e-01	7.308307598917910264e-01	7.088794223373064973e-01	5.619961187754438647e-01	4.652768781209790649e-01	7.077101196721140575e-01	5.893153046139929518e-01
5.141446864850434117e-01	5.445913473506859281e-01	5.010228669300000881e-01	5.705712873705990340e-01	4.690542694950627367e-01	7.132966190908465176e-01	5.071057780117758096e-01	3.921764462580856203e-01	6.026048689851875029e-01	4.893653526374220908e-01	6.409884470536405570e+04	5.325714482211949541e-01	7.823577201570552919e-01	4.607838605228277151e-01	3.668167408567699073e-01	4.919503414466302460e-01	4.923276805361427866e-01	1.446141697267046555e-01	3.857796808738327421e-01	9.860274768003920443e-01	3.612731906851243124e-01	7.048012681256963230e-01	2.683521129456444831e-01	7.148130136390883349e-01	5.886697000123704004e-01	2.212521159014098626e-01	8.241719891362162542e-01	6.343322172819425564e-01	2.865368008711237646e-01	3.125713346951014548e-01	4.836566390487315736e-01	8.852911906168146050e-01	1.045743360391626076e-01	3.723521267988569305e-01	6.797919525314328748e-01	8.097409602791648675e-01	5.871678327452518609e-01	5.039261962725560817e-01	3.324972383688977184e-01	4.043767444234119268e-01
5.309561355025056439e-01	3.468775148368749561e-01	8.495644503744606002e-01	6.993627327144149586e-01	1.505310292398785998e-01	3.441326726214470888e-01	8.477167434480641361e-01	4.776312485630720417e-01	5.935292228891174693e-01	3.481967351522234910e-01	5.325714482211949541e-01	6.409982459279633622e+04	7.720327264741146944e-01	3.751812856555514220e-01	7.125972528160394726e-01	5.237144566482703212e-01	5.211370510292133718e-01	2.792397909885560581e-01	3.976685779243090413e-01	2.360954337439455930e-01	3.275488377341969626e-01	4.781640520628719360e-01	5.754122710719720146e-01	7.097714318749165363e-02	6.674463990362367039e-01	1.771471497001087525e-01	2.320339385275422828e-01	5.068034184216537730e-01	9.744398883615890128e-02	6.298104798349702937e-01	1.177447868124916197e-01	6.771444798054375713e-01	4.861294210758593803e-01	5.082226926110287035e-01	4.946453209699104847e-01	5.094558955218684293e-01	6.757767787510742252e-01	4.617756194142523807e-01	4.994580436909785148e-01	3.269462274364643428e-01
3.071172633122802864e-01	3.938323965479563760e-01	2.685027038000443733e-01	4.803971495811188430e-01	4.033537228125465557e-01	1.448737581060495216e-01	2.727069291895950487e-01	3.827870939078809598e-01	5.783590769097141093e-01	6.095348713340295044e-01	7.823577201570552919e-01	7.720327264741146944e-01	6.410203645838276134e+04	7.497386160825401102e-01	2.675697224185389356e-01	6.359235054428546974e-01	7.039244043604164780e-01	4.917511450111137217e-01	1.543275893894250350e-01	4.593232220981525726e-01	4.630000034732308367e-01	8.787944992563196944e-01	7.244432174602327690e-01	4.021282753593093395e-01	6.608050034965557984e-01	5.136424963486743156e-01	5.209642045837076241e-01	7.898741405766473989e-01	7.051710961909759545e-01	5.971818709936094205e-01	1.796234825730798068e-01	4.857460472525678696e-01	4.319952069471110767e-01	7.340343765850597668e-01	5.671577462097081579e-01	2.854537603558952030e-01	5.238210811089378804e-01	3.169859991654601084e-01	6.104976717547860865e-01	5.934669732833243172e-01
4.507493920911823659e-01	7.958163766059924704e-01	6.434827953848859527e-01	2.717225939900130283e-01	2.600133544780517947e-01	4.774177321850763267e-01	6.727793706779441330e-01	6.876954837498637785e-01	7.035248821925113027e-01	3.361355039632615838e-01	4.607838605228277151e-01	3.751812856555514220e-01	7.497386160825401102e-01	6.410335552765555622e+04	5.755762021392051286e-01	5.472545968495058366e-01	1.357208547011740651e-01	5.503364281929208346e-01	4.038976568137520040e-01	4.474116024301563743e-01	3.667561276290323136e-01	1.854007784686154126e-01	7.572026854957624176e-01	7.470012293176977458e-01	3.637256088512251240e-01	6.326012121566494395e-01	5.812363307230474785e-01	6.195628706885891734e-01	5.699253869437246323e-01	4.728574714549962921e-01	2.381156129246463915e-01	6.306640308068232059e-01	8.949329313788800810e-01	6.517398722147019763e-01	9.544992658994954082e-01	4.681466034586647118e-01	8.914969162444750239e-01	6.419398125902473495e-01	5.417414174496666401e-01	6.179694519669558517e-01
3.206097603656088979e-01	8.946832244261915257e-01	8.213166859819800436e-01	2.645725912270405766e-01	9.764627952805366995e-01	5.083574791160951900e-01	7.933038009298470916e-02	5.796044617552558176e-01	5.080334568619804259e-01	9.132362837546772472e-01	3.668167408567699073e-01	7.125972528160394726e-01	2.675697224185389356e-01	5.755762021392051286e-01	6.410453065858221089e+04	2.874347954341925915e-01	3.900494071470810842e-01	1.309393008455899676e-01	6.907302650767477292e-01	4.216031276369860969e-01	4.493011702214451120e-01	4.254620212216495556e-01	5.822008667599156695e-01	9.284881388946986114e-01	5.115008387304980086e-01	8.276339244635835257e-01	6.838821914697940096e-01	7.787749025670726022e-01	6.194059158747771132e-01	1.835892072586705615e-01	7.092736057669559724e-01	5.165391452080083656e-01	6.827024767912284187e-01	3.881496348407767472e-01	4.187214665287252169e-01	6.165240107206866327e-01	4.063518078557301072e-01	5.869877232990745597e-01	8.461753714658927228e-01	6.642629555711077050e-02
4.846784846406069769e-01	2.184531609348275838e-01	4.410426966050312592e-01	5.317928881603282143e-01	4.864464501723814172e-01	2.199502600090614268e-01	6.574136772042534771e-01	3.302331646752987293e-01	8.567988320479698050e-01	7.123155760144046500e-01	4.919503414466302460e-01	5.237144566482703212e-01	6.359235054428546974e-01	5.472545968495058366e-01	2.874347954341925915e-01	6.411075205532469408e+04	3.467188519917983047e-01	5.098988206904726539e-01	1.402948000383321125e-01	5.887515570665302622e-01	5.221233127927842332e-01	2.643010057243703192e-01	4.460900945340089407e-01	7.150511605814606764e-01	2.765820798486949839e-01	4.949505456515702062e-01	6.040223290896294950e-01	6.299527707346233019e-01	3.890429133101674375e-01	1.993935639897764789e-01	6.157038080090888599e-01	7.612430464014017240e-01	4.270486599091813384e-01	6.440725763443236884e-01	4.867176669038889014e-01	2.144801062551647264e-01	3.664689255868909257e-01	6.935531026593413362e-01	9.953780267112976032e-01	5.429373310090044313e-01
2.603925574656900110e-01	3.763769296191609159e-01	1.534038954822983802e-01	6.431116109890884225e-01	5.203730517044564685e-01	4.053046224013574506e-01	7.885615204135534295e-01	4.871894268685050822e-02	3.667191252230816434e-01	3.576786088488080884e-01	4.923276805361427866e-01	5.211370510292133718e-01	7.039244043604164780e-01	1.357208547011740651e-01	3.900494071470810842e-01	3.467188519917983047e-01	7.290896768879537703e+05	3.344683821881330732e-01	3.055288151999320800e-01	4.686347292882208082e-01	7.705077257884220820e-01	8.940646963461024166e-01	9.491526356162476308e-01	2.795259364297376647e-01	6.202505504182580509e-01	5.726922747731215679e-01	3.453192998966885252e-01	7.474977493652934513e-02	2.770720465060858562e-01	4.859731258490401218e-01	8.787902658207802364e-01	8.689650143719040987e-01	5.183065385764320521e-01	7.108499973755353363e-01	3.637126289075627295e-01	4.191008608864080220e-01	7.581202765174426261e-01	3.672429138776179824e-01	6.147781017805902248e-01	9.002550673550409055e-01
7.454945973272611992e-01	2.559254229106923684e-01	3.970054593741179083e-01	5.829413439845744227e-01	4.079061760426564986e-01	7.027229074232803629e-01	1.706644449881379866e-01	8.201394497067427958e-01	7.284870188244265687e-01	2.471064077538184245e-01	1.446141697267046555e-01	2.792397909885560581e-01	4.917511450111137217e-01	5.503364281929208346e-01	1.309393008455899676e-01	5.098988206904726539e-01	3.344683821881330732e-01	7.290906918463945622e+05	6.601212000334978347e-01	6.783245407397491267e-01	6.088895304125412355e-01	9.234215653767077203e-01	4.960502818927062241e-01	5.629543217288569545e-01	2.818775564246578380e-01	5.891070177672528274e-01	7.590210115729840723e-01	2.329654780492172450e-01	6.341554857615193663e-01	1.729456590481260880e-01	6.693877641359846642e-01	3.511493596722537469e-01	2.402860500509529929e-01	5.392053119413455775e-01	4.801964996712320133e-01	7.284083018598010995e-01	3.512780932726889405e-01	5.325522738416033075e-01	6.973911679749957848e-01	4.098271013933087459e-01
5.649776225597443746e-01	2.139613284533199988e-01	9.096186000351940137e-01	1.611958493790480729e-01	7.572422937447944591e-01	5.070537052407706469e-01	6.422468965318430811e-01	2.364076262405121476e-01	3.184661575077906148e-01	5.612817810083927661e-01	3.857796808738327421e-01	3.976685779243090413e-01	1.543275893894250350e-01	4.038976568137520040e-01	6.907302650767477292e-01	1.402948000383321125e-01	3.055288151999320800e-01	6.601212000334978347e-01	7.290933817555080168e+05	8.052735625612372772e-01	2.809904069421615413e-01	6.142596476485555623e-01	6.787959948668673693e-01	5.464389100814797118e-01	7.009784968051178122e-01	3.531297820581631441e-01	1.195599802307687476e-01	5.045647978601499606e-01	7.918911537959868463e-01	4.342167960228867085e-01	2.897926138093241399e-01	4.087845493851952616e-01	8.279128733300435972e-01	4.087001733398069048e-01	4.871691399745179396e-01	6.311069548375788374e-01	7.931178647909966628e-01	7.828273724858165750e-01	7.811467332607608949e-01	6.863289706282701408e-01
7.029309855308203403e-01	7.369350180243483539e-01	4.465433838172692682e-01	4.970317985528766025e-01	4.061044656983424095e-01	5.222356454722580921e-01	6.616515575586635611e-01	5.076119868336168572e-01	5.365539655404187869e-01	2.104710644769403061e-02	9.860274768003920443e-01	2.360954337439455930e-01	4.593232220981525726e-01	4.474116024301563743e-01	4.216031276369860969e-01	5.887515570665302622e-01	4.686347292882208082e-01	6.783245407397491267e-01	8.052735625612372772e-01	7.290946122853007400e+05	5.184499024924964505e-01	4.702122307754432740e-01	5.476891971256359071e-01	2.340603971185505339e-01	5.005863958923103540e-01	1.512605316863596672e-01	6.009738156272748100e-01	5.273998004946903739e-01	6.045368971803692926e-01	3.023410505616567212e-01	1.027159586692354409e-01	6.590027300501468677e-01	1.596141786139233520e-01	7.281155793194131753e-01	3.104099641913510288e-02	9.047124239103919718e-01	6.015514706358009445e-01	5.597660951682956743e-01	2.060628674893377199e-01	4.652556690306932086e-01
3.810610584844444926e-01	2.232318004341442563e-01	4.170621877263619437e-02	3.312555304010432744e-01	4.606014514477279054e-01	1.062883514919626959e-01	6.685543840323431297e-01	8.848367620351041962e-01	3.131816393817090094e-01	3.191517147631451334e-01	3.612731906851243124e-01	3.275488377341969626e-01	4.630000034732308367e-01	3.667561276290323136e-01	4.493011702214451120e-01	5.221233127927842332e-01	7.705077257884220820e-01	6.088895304125412355e-01	2.809904069421615413e-01	5.184499024924964505e-01	7.290967431391957216e+05	8.071771021032324578e-01	2.856468834539666601e-01	4.932620647023659988e-01	5.155535780269193680e-01	6.111313655707535375e-01	1.580074137642997756e-01	2.128747714034882055e-01	2.177949509461785671e-01	5.550001674110317529e-01	4.197995994817703691e-01	2.711114215494781488e-01	5.552222430948208221e-01	3.256722997942358977e-01	6.783391196661039402e-01	3.978853106329703349e-01	4.191700549411906396e-01	4.538261569000133777e-01	4.252317888455305339e-01	4.061960945586096106e-01
5.173447483339417285e-01	8.195631739474620314e-01	5.179635638629137562e-01	3.462797078205580581e-01	4.268409221316684099e-01	3.984024422136922539e-01	5.694067775414775046e-01	3.763245106529470307e-01	9.227455192302713716e-02	5.105363120707455682e-01	7.048012681256963230e-01	4.781640520628719360e-01	8.787944992563196944e-01	1.854007784686154126e-01	4.254620212216495556e-01	2.643010057243703192e-01	8.940646963461024166e-01	9.234215653767077203e-01	6.142596476485555623e-01	4.702122307754432740e-01	8.071771021032324578e-01	7.291001671969818417e+05	7.362398492784825166e-01	5.714228741627211949e-01	4.511348167203682036e-01	5.175303294054094394e-01	4.166054918652412065e-01	4.038929066124333778e-01	6.488801494731682995e-02	7.455542495256313185e-01	3.225924853436978879e-01	5.118194611936419669e-01	3.417966440673589346e-01	5.116063640087384901e-01	6.602655451756462845e-01	2.651678589268912090e-01	2.605318563266563747e-01	5.421403203173400520e-01	5.416447217393574043e-01	5.421400937663042319e-01
6.677344185620484041e-01	3.587820863569534668e-01	5.649966285341594396e-01	4.769414882450687676e-01	3.731380655827241655e-01	4.641670516882864805e-01	9.250274176166590756e-01	5.469996924270332794e-01	4.735914573272044237e-01	8.651237081013867236e-01	2.683521129456444831e-01	5.754122710719720146e-01	7.244432174602327690e-01	7.572026854957624176e-01	5.822008667599156695e-01	4.460900945340089407e-01	9.491526356162476308e-01	4.960502818927062241e-01	6.787959948668673693e-01	5.476891971256359071e-01	2.856468834539666601e-01	7.362398492784825166e-01	7.291020114796204725e+05	4.232910700913384838e-01	6.802034584973863929e-01	2.607230606225950376e-01	2.266717287596488606e-01	6.006008055839078263e-01	8.903060514662499703e-01	5.508346149345747511e-01	5.373133262274684130e-01	4.609799831742635856e-01	5.983385113602379679e-01	3.535465073256311985e-01	4.391788272200637389e-01	7.032463290621020491e-01	3.509414471213458397e-01	8.319118206280263772e-01	3.020092538886042788e-01	4.486452012947610424e-01
5.977446999578848175e-01	7.391133571719415984e-01	3.731652830736689741e-01	2.841925110950123678e-01	5.613777318442186859e-01	3.807017805714125736e-01	6.191380416280949373e-01	6.571830909969815782e-01	3.829829904648964778e-01	5.147330770398290678e-01	7.148130136390883349e-01	7.097714318749165363e-02	4.021282753593093395e-01	7.470012293176977458e-01	9.284881388946986114e-01	7.150511605814606764e-01	2.795259364297376647e-01	5.629543217288569545e-01	5.464389100814797118e-01	2.340603971185505339e-01	4.932620647023659988e-01	5.714228741627211949e-01	4.232910700913384838e-01	7.291173245640547248e+05	7.586566170900167494e-01	7.175213823692263571e-01	3.959378861660773907e-01	5.907400521497299106e-01	5.689625834569866925e-01	3.147186936308326577e-01	2.272154714499017847e-01	5.212057193174267633e-01	7.847973583804095377e-01	8.758695087473373775e-01	1.121625472538075874e-01	1.635535666321344395e-01	1.656506653475572355e-01	7.400043472999398020e-01	6.176782341476015903e-01	4.990634543912266241e-01
5.677017106644505207e-01	7.152248108821654959e-01	1.946101345140271999e-01	3.933828446922970068e-01	5.063477409396952567e-01	4.895177191059228439e-01	8.867087674983915591e-01	4.934405773549865315e-01	6.886428675739412197e-01	6.372159753077129007e-01	5.886697000123704004e-01	6.674463990362367039e-01	6.608050034965557984e-01	3.637256088512251240e-01	5.115008387304980086e-01	2.765820798486949839e-01	6.202505504182580509e-01	2.818775564246578380e-01	7.009784968051178122e-01	5.005863958923103540e-01	5.155535780269193680e-01	4.511348167203682036e-01	6.802034584973863929e-01	7.586566170900167494e-01	4.096084197427986190e+06	3.615891169795018012e-01	4.928537535241792611e-01	7.042577641437867131e-01	4.915074840264850864e-01	4.919304486401435139e-01	8.826218937754282123e-01	2.793671650523535388e-01	8.319598729315278440e-01	4.708518365251089244e-01	1.519695065562113312e-01	7.493193309059960061e-01	7.385322125429684137e-01	8.456127239771331627e-01	4.450914753526698520e-01	9.256149462228296931e-01
7.162523683111348127e-01	7.185436614733438088e-01	5.813266423552281292e-01	5.649313007564931155e-01	7.621291089550856768e-01	4.969988402365771440e-01	6.684916415757495844e-01	5.447049653494209220e-01	3.287677579648907722e-01	6.324896830441596451e-01	2.212521159014098626e-01	1.771471497001087525e-01	5.136424963486743156e-01	6.326012121566494395e-01	8.276339244635835257e-01	4.949505456515702062e-01	5.726922747731215679e-01	5.891070177672528274e-01	3.531297820581631441e-01	1.512605316863596672e-01	6.111313655707535375e-01	5.175303294054094394e-01	2.607230606225950376e-01	7.175213823692263571e-01	3.615891169795018012e-01	4.096086394898672123e+06	3.944103572764843246e-01	3.750224245921534583e-01	6.499131445341160829e-01	4.780360206362244124e-01	6.267649131095113235e-01	4.394080713852721587e-01	5.768073705391748573e-01	5.529844643940338145e-01	3.927641168103571667e-01	2.945562713962605050e-01	7.111703336795451857e-01	2.959088797964018469e-01	2.187186486216315950e-01	7.404909472014722382e-01
4.616332894285803956e-01	3.470468339309903394e-01	6.375382546209883428e-01	8.461414909314217692e-01	7.277088564744340626e-01	4.585279656330941700e-01	7.008116048982557800e-01	4.697421442418441839e-01	5.194316645165891755e-01	3.272875072763840598e-01	8.241719891362162542e-01	2.320339385275422828e-01	5.209642045837076241e-01	5.812363307230474785e-01	6.838821914697940096e-01	6.040223290896294950e-01	3.453192998966885252e-01	7.590210115729840723e-01	1.195599802307687476e-01	6.009738156272748100e-01	1.580074137642997756e-01	4.166054918652412065e-01	2.266717287596488606e-01	3.959378861660773907e-01	4.928537535241792611e-01	3.944103572764843246e-01	4.096088972381711472e+06	6.732593745013826236e-01	3.325278487340965206e-01	9.804585198848962957e-01	4.887511102567876908e-01	6.105490396026744815e-01	7.362979883070452924e-01	5.381976087135809106e-01	7.863631407381217464e-01	1.483018258183517180e-01	4.418970004223948811e-01	4.551240077609625123e-01	4.283390340768153393e-01	8.943399166937395783e-01
1.033041920897271315e-01	2.072422979049866054e-01	9.092030735956309062e-01	5.117266478910915684e-01	1.939958273513153197e-01	6.103673972225391875e-01	6.276150088816019323e-01	7.043159703956511919e-01	5.601689387645689688e-01	2.098599204007038921e-01	6.343322172819425564e-01	5.068034184216537730e-01	7.898741405766473989e-01	6.195628706885891734e-01	7.787749025670726022e-01	6.299527707346233019e-01	7.474977493652934513e-02	2.329654780492172450e-01	5.045647978601499606e-01	5.273998004946903739e-01	2.128747714034882055e-01	4.038929066124333778e-01	6.006008055839078263e-01	5.907400521497299106e-01	7.042577641437867131e-01	3.750224245921534583e-01	6.732593745013826236e-01	4.096096222831013147e+06	2.788917426545572398e-01	6.912622570619026963e-01	3.103705321087544822e-01	7.210591394620258221e-01	5.085127438292236235e-01	3.596503376914390593e-01	2.303461294183807295e-01	6.325702547649658669e-01	6.884268459732054701e-01	4.315111494609670251e-01	3.199902352435509134e-01	5.538072717590767358e-01
5.169878320615329814e-01	1.744230825527806616e-01	3.543163184257177578e-01	3.942426303800012910e-01	1.863365207389506284e-01	5.429439998696611314e-01	6.581587418982688398e-01	2.726826288579077828e-01	5.760528553408401642e-01	5.066507845929870690e-01	2.865368008711237646e-01	9.744398883615890128e-02	7.051710961909759545e-01	5.699253869437246323e-01	6.194059158747771132e-01	3.890429133101674375e-01	2.770720465060858562e-01	6.341554857615193663e-01	7.918911537959868463e-01	6.045368971803692926e-01	2.177949509461785671e-01	6.488801494731682995e-02	8.903060514662499703e-01	5.689625834569866925e-01	4.915074840264850864e-01	6.499131445341160829e-01	3.325278487340965206e-01	2.788917426545572398e-01	4.096096463392449077e+06	9.413519362967637250e-01	9.327177105028873205e-01	5.415206989830059214e-01	8.834435264605443594e-01	3.796860327186339923e-01	5.760884298049093744e-01	1.587976387383950860e-01	2.036736918143476904e-01	5.360025422595284805e-01	2.305363103873072639e-01	7.096398788248845513e-01
8.390613518271856641e-01	4.017467601783280551e-01	7.052441906058311005e-01	9.047047727211677826e-01	3.594739373182399556e-01	5.245902115565193036e-01	4.463966255358833846e-01	7.448330984196960269e-01	4.764159498521358671e-01	3.771427876655724098e-01	3.125713346951014548e-01	6.298104798349702937e-01	5.971818709936094205e-01	4.728574714549962921e-01	1.835892072586705615e-01	1.993935639897764789e-01	4.859731258490401218e-01	1.729456590481260880e-01	4.342167960228867085e-01	3.023410505616567212e-01	5.550001674110317529e-01	7.455542495256313185e-01	5.508346149345747511e-01	3.147186936308326577e-01	4.919304486401435139e-01	4.780360206362244124e-01	9.804585198848962957e-01	6.912622570619026963e-01	9.413519362967637250e-01	4.096099239443503320e+06	2.686681950464877566e-01	4.032372078826307882e-01	4.936169314228484595e-01	1.633214477639444162e-01	4.355806978306093757e-01	5.437398309016368003e-01	5.973685941644260033e-01	3.806303071217368994e-01	6.718510679212197356e-01	1.283356794567411807e-01
7.128385626984563572e-01	2.360454089006464584e-01	8.891958541372046998e-01	2.268415063261826070e-01	5.972043049347378618e-01	3.579516529407225645e-01	1.654867231636045211e-01	3.287908951986794337e-01	9.639405562833293084e-01	6.293706292724141615e-01	4.836566390487315736e-01	1.177447868124916197e-01	1.796234825730798068e-01	2.381156129246463915e-01	7.092736057669559724e-01	6.157038080090888599e-01	8.787902658207802364e-01	6.693877641359846642e-01	2.897926138093241399e-01	1.027159586692354409e-01	4.197995994817703691e-01	3.225924853436978879e-01	5.373133262274684130e-01	2.272154714499017847e-01	8.826218937754282123e-01	6.267649131095113235e-01	4.887511102567876908e-01	3.103705321087544822e-01	9.327177105028873205e-01	2.686681950464877566e-01	4.096102651641545352e+06	8.407810453938316941e-01	6.085889764056788831e-01	9.719518542192047139e-01	7.476197914079768525e-01	4.902433373998079658e-01	5.355178154605539920e-01	2.661945250894602877e-01	3.880109142454333249e-01	5.427367222589700724e-01
1.294122630696240561e-01	2.741034930624012267e-01	4.861357111218130300e-01	5.900957455657072082e-01	9.249714465255218787e-01	5.333451929888384235e-01	8.686891742849002229e-01	4.298136340931634214e-01	4.364849463069341295e-01	9.027969388711417631e-01	8.852911906168146050e-01	6.771444798054375713e-01	4.857460472525678696e-01	6.306640308068232059e-01	5.165391452080083656e-01	7.612430464014017240e-01	8.689650143719040987e-01	3.511493596722537469e-01	4.087845493851952616e-01	6.590027300501468677e-01	2.711114215494781488e-01	5.118194611936419669e-01	4.609799831742635856e-01	5.212057193174267633e-01	2.793671650523535388e-01	4.394080713852721587e-01	6.105490396026744815e-01	7.210591394620258221e-01	5.415206989830059214e-01	4.032372078826307882e-01	8.407810453938316941e-01	4.096110341445942409e+06	7.178702684919273658e-01	6.210794489278612662e-01	2.588011409237016558e-01	5.232101561087141306e-01	7.477319400558050111e-01	4.400811712321244795e-01	4.771064611996210236e-01	8.407507302453545162e-01
6.337908207040885422e-01	5.683979609249782960e-01	5.249487709116130718e-01	4.265124713848388871e-01	3.392762636970413359e-01	5.485248366199382275e-01	4.958366498102484421e-01	1.032579060732182197e-01	7.090066482519772340e-01	4.510585091302015681e-01	1.045743360391626076e-01	4.861294210758593803e-01	4.319952069471110767e-01	8.949329313788800810e-01	6.827024767912284187e-01	4.270486599091813384e-01	5.183065385764320521e-01	2.402860500509529929e-01	8.279128733300435972e-01	1.596141786139233520e-01	5.552222430948208221e-01	3.417966440673589346e-01	5.983385113602379679e-01	7.847973583804095377e-01	8.319598729315278440e-01	5.768073705391748573e-01	7.362979883070452924e-01	5.085127438292236235e-01	8.834435264605443594e-01	4.936169314228484595e-01	6.085889764056788831e-01	7.178702684919273658e-01	1.562508314582158811e+07	4.886632473017805678e-01	4.561642078732821570e-01	3.198320308921143718e-01	2.534370565656841601e-01	3.051740599017446209e-01	7.497273431556258361e-01	3.725450558137247126e-01
8.071155414514805670e-01	2.077474703859676919e-01	4.494853339203973563e-01	5.516578427482012881e-01	5.252275250764641967e-01	8.099237744893742486e-01	3.254564408080109494e-01	5.021992390275201723e-01	6.922051900772131505e-01	5.869193806015313708e-01	3.723521267988569305e-01	5.082226926110287035e-01	7.340343765850597668e-01	6.517398722147019763e-01	3.881496348407767472e-01	6.440725763443236884e-01	7.108499973755353363e-01	5.392053119413455775e-01	4.087001733398069048e-01	7.281155793194131753e-01	3.256722997942358977e-01	5.116063640087384901e-01	3.535465073256311985e-01	8.758695087473373775e-01	4.708518365251089244e-01	5.529844643940338145e-01	5.381976087135809106e-01	3.596503376914390593e-01	3.796860327186339923e-01	1.633214477639444162e-01	9.719518542192047139e-01	6.210794489278612662e-01	4.886632473017805678e-01	1.562508695146813616e+07	6.698530669295581497e-01	3.888729706022099886e-01	3.710325992069986589e-01	3.423685363411296811e-01	3.965210723869767029e-01	5.177079931003801816e-01
1.214474882440966241e-01	7.234172928563025184e-01	4.142732710289504516e-01	3.087836539155390247e-01	5.065298379801886908e-01	4.841112687495164324e-01	2.395937465693378510e-01	6.980011551196305675e-01	7.210204094451768686e-01	7.308307598917910264e-01	6.797919525314328748e-01	4.946453209699104847e-01	5.671577462097081579e-01	9.544992658994954082e-01	4.187214665287252169e-01	4.867176669038889014e-01	3.637126289075627295e-01	4.801964996712320133e-01	4.871691399745179396e-01	3.104099641913510288e-02	6.783391196661039402e-01	6.602655451756462845e-01	4.391788272200637389e-01	1.121625472538075874e-01	1.519695065562113312e-01	3.927641168103571667e-01	7.863631407381217464e-01	2.303461294183807295e-01	5.760884298049093744e-01	4.355806978306093757e-01	7.476197914079768525e-01	2.588011409237016558e-01	4.561642078732821570e-01	6.698530669295581497e-01	1.562509077869255841e+07	3.796179102705048991e-01	5.234255703998710318e-01	5.992741902512749297e-01	5.323766588528020538e-01	2.198262349768489998e-01
4.977282066110788050e-01	8.999422924842155336e-01	9.142408459191214698e-02	7.116689012250596580e-01	1.337590224821939566e-01	9.162288930240183316e-01	5.826141003175072663e-01	8.505124967832091709e-01	5.642519245122377125e-01	7.088794223373064973e-01	8.097409602791648675e-01	5.094558955218684293e-01	2.854537603558952030e-01	4.681466034586647118e-01	6.165240107206866327e-01	2.144801062551647264e-01	4.191008608864080220e-01	7.284083018598010995e-01	6.311069548375788374e-01	9.047124239103919718e-01	3.978853106329703349e-01	2.651678589268912090e-01	7.032463290621020491e-01	1.635535666321344395e-01	7.493193309059960061e-01	2.945562713962605050e-01	1.483018258183517180e-01	6.325702547649658669e-01	1.587976387383950860e-01	5.437398309016368003e-01	4.902433373998079658e-01	5.232101561087141306e-01	3.198320308921143718e-01	3.888729706022099886e-01	3.796179102705048991e-01	1.562509879528908432e+07	4.449413245391515281e-01	4.951616451186136580e-01	2.783029927926310432e-01	5.021216427633869994e-01
3.992909261274141253e-01	4.958493667235734925e-01	4.628185520790650820e-01	7.370165265886593486e-01	1.984828740715730011e-01	3.517420695005267772e-01	6.825464962030824978e-01	3.308611448503557817e-01	2.549400765651685385e-01	5.619961187754438647e-01	5.871678327452518609e-01	6.757767787510742252e-01	5.238210811089378804e-01	8.914969162444750239e-01	4.063518078557301072e-01	3.664689255868909257e-01	7.581202765174426261e-01	3.512780932726889405e-01	7.931178647909966628e-01	6.015514706358009445e-01	4.191700549411906396e-01	2.605318563266563747e-01	3.509414471213458397e-01	1.656506653475572355e-01	7.385322125429684137e-01	7.111703336795451857e-01	4.418970004223948811e-01	6.884268459732054701e-01	2.036736918143476904e-01	5.973685941644260033e-01	5.355178154605539920e-01	7.477319400558050111e-01	2.534370565656841601e-01	3.710325992069986589e-01	5.234255703998710318e-01	4.449413245391515281e-01	1.562510185198467411e+07	5.062579837957934537e-01	8.464584614937602502e-01	3.779338731559547249e-01
6.929595240406948298e-01	9.342895614023487560e-01	5.691452843079698454e-01	4.297470241752369691e-01	6.776019880055040856e-01	6.941001178593568799e-01	5.934544019266286830e-01	4.972674443822945323e-01	3.981634436449216774e-01	4.652768781209790649e-01	5.039261962725560817e-01	4.617756194142523807e-01	3.169859991654601084e-01	6.419398125902473495e-01	5.869877232990745597e-01	6.935531026593413362e-01	3.672429138776179824e-01	5.325522738416033075e-01	7.828273724858165750e-01	5.597660951682956743e-01	4.538261569000133777e-01	5.421403203173400520e-01	8.319118206280263772e-01	7.400043472999398020e-01	8.456127239771331627e-01	2.959088797964018469e-01	4.551240077609625123e-01	4.315111494609670251e-01	5.360025422595284805e-01	3.806303071217368994e-01	2.661945250894602877e-01	4.400811712321244795e-01	3.051740599017446209e-01	3.423685363411296811e-01	5.992741902512749297e-01	4.951616451186136580e-01	5.062579837957934537e-01	1.562510370947369747e+07	6.983130258577583405e-01	2.249057608882977233e-01
3.628133401760424981e-01	3.648854953212549157e-01	7.556000730285665767e-01	5.773932007677993195e-01	4.080279057073425419e-01	3.798365544739367161e-01	5.322262629946101775e-01	4.693249508817271543e-01	1.595317520720035964e-01	7.077101196721140575e-01	3.324972383688977184e-01	4.994580436909785148e-01	6.104976717547860865e-01	5.417414174496666401e-01	8.461753714658927228e-01	9.953780267112976032e-01	6.147781017805902248e-01	6.973911679749957848e-01	7.811467332607608949e-01	2.060628674893377199e-01	4.252317888455305339e-01	5.416447217393574043e-01	3.020092538886042788e-01	6.176782341476015903e-01	4.450914753526698520e-01	2.187186486216315950e-01	4.283390340768153393e-01	3.199902352435509134e-01	2.305363103873072639e-01	6.718510679212197356e-01	3.880109142454333249e-01	4.771064611996210236e-01	7.497273431556258361e-01	3.965210723869767029e-01	5.323766588528020538e-01	2.783029927926310432e-01	8.464584614937602502e-01	6.983130258577583405e-01	1.562510666271695122e+07	1.860714023090738745e-01
3.363035502717736658e-01	4.520029446418580843e-01	5.432945929381309824e-01	4.364584034974935967e-01	3.321365949264661332e-01	1.976575893293003316e-01	6.093156683131178974e-01	4.369214068467847656e-01	6.335336800590256612e-01	5.893153046139929518e-01	4.043767444234119268e-01	3.269462274364643428e-01	5.934669732833243172e-01	6.179694519669558517e-01	6.642629555711077050e-02	5.429373310090044313e-01	9.002550673550409055e-01	4.098271013933087459e-01	6.863289706282701408e-01	4.652556690306932086e-01	4.061960945586096106e-01	5.421400937663042319e-01	4.486452012947610424e-01	4.990634543912266241e-01	9.256149462228296931e-01	7.404909472014722382e-01	8.943399166937395783e-01	5.538072717590767358e-01	7.096398788248845513e-01	1.283356794567411807e-01	5.427367222589700724e-01	8.407507302453545162e-01	3.725450558137247126e-01	5.177079931003801816e-01	2.198262349768489998e-01	5.021216427633869994e-01	3.779338731559547249e-01	2.249057608882977233e-01	1.860714023090738745e-01	1.562511681105778366e+07
